10
10
55.0 110.0 165.0 220.0 275.0 330.0 385.0 440.0 495.0 550.0 
55.0 110.0 165.0 220.0 275.0 330.0 385.0 440.0 495.0 550.0 
55.0 110.0 165.0 220.0 275.0 330.0 385.0 440.0 495.0 550.0 
55.0 110.0 165.0 220.0 275.0 330.0 385.0 440.0 495.0 550.0 
55.0 110.0 165.0 220.0 275.0 330.0 385.0 440.0 495.0 550.0 
55.0 110.0 165.0 220.0 275.0 330.0 385.0 440.0 495.0 550.0 
55.0 110.0 165.0 220.0 275.0 330.0 385.0 440.0 495.0 550.0 
55.0 110.0 165.0 220.0 275.0 330.0 385.0 440.0 495.0 550.0 
55.0 110.0 165.0 220.0 275.0 330.0 385.0 440.0 495.0 550.0 
0.0 0.0 0.0 0.0 0.0 0.0 0.0 0.0 0.0 0.0 